# episode=12821 || target_num_steps=2000000 || actual_num_steps=2000076 || total_train_time=24960.03688860801
10296.000000 0.000000
20280.000000 0.016667
30264.000000 0.144928
40248.000000 0.242215
50232.000000 0.240803
60216.000000 0.268852
70200.000000 0.507463
80184.000000 0.486804
90168.000000 0.492114
100308.000000 0.623907
110292.000000 0.602899
120276.000000 0.685393
130260.000000 0.608696
140244.000000 0.729282
150228.000000 0.661111
160212.000000 0.731707
170196.000000 0.741333
180180.000000 0.779841
190164.000000 0.831633
200304.000000 0.767624
210288.000000 0.779221
220272.000000 0.776350
230256.000000 0.734375
240240.000000 0.766067
250224.000000 0.840796
260208.000000 0.849383
270192.000000 0.872549
280176.000000 0.810945
290160.000000 0.834951
300300.000000 0.846535
310284.000000 0.855721
320268.000000 0.874396
330252.000000 0.869976
340236.000000 0.871046
350220.000000 0.897375
360204.000000 0.915094
370188.000000 0.902613
380172.000000 0.869359
390156.000000 0.910798
400296.000000 0.869359
410280.000000 0.913349
420264.000000 0.903073
430248.000000 0.913349
440232.000000 0.910377
450216.000000 0.915094
460200.000000 0.892601
470184.000000 0.888889
480168.000000 0.924883
490308.000000 0.917647
500292.000000 0.912114
510276.000000 0.933333
520260.000000 0.895735
530244.000000 0.925234
540228.000000 0.927400
550212.000000 0.930876
560196.000000 0.923077
570180.000000 0.932715
580164.000000 0.922717
590304.000000 0.940367
600288.000000 0.917258
610272.000000 0.927400
620256.000000 0.920188
630240.000000 0.922717
640224.000000 0.927400
650208.000000 0.927739
660192.000000 0.942529
670176.000000 0.937931
680160.000000 0.942529
690300.000000 0.925926
700284.000000 0.932715
710268.000000 0.932401
720252.000000 0.922353
730236.000000 0.932401
740220.000000 0.920561
750204.000000 0.935185
760188.000000 0.932401
770172.000000 0.926267
780156.000000 0.925234
790296.000000 0.942263
800280.000000 0.944700
810264.000000 0.940092
820248.000000 0.905213
830232.000000 0.933025
840216.000000 0.902148
850200.000000 0.914692
860184.000000 0.933025
870168.000000 0.924883
880308.000000 0.923077
890292.000000 0.939815
900276.000000 0.942263
910260.000000 0.940092
920244.000000 0.922717
930228.000000 0.949772
940212.000000 0.918033
950196.000000 0.947608
960180.000000 0.937355
970164.000000 0.942529
980304.000000 0.930233
990288.000000 0.942263
1000116.000000 0.934884
1010412.000000 0.949541
1020396.000000 0.937644
1030380.000000 0.939815
1040364.000000 0.947126
1050348.000000 0.923077
1060332.000000 0.947126
1070316.000000 0.924883
1080300.000000 0.942263
1090284.000000 0.942529
1100424.000000 0.949541
1110408.000000 0.944954
1120392.000000 0.947126
1130376.000000 0.951945
1140360.000000 0.947368
1150344.000000 0.951945
1160328.000000 0.949541
1170312.000000 0.935780
1180296.000000 0.944954
1190280.000000 0.954338
1200420.000000 0.938215
1210404.000000 0.928736
1220388.000000 0.939815
1230372.000000 0.947126
1240356.000000 0.927400
1250340.000000 0.932401
1260324.000000 0.927400
1270308.000000 0.936364
1280292.000000 0.937644
1290276.000000 0.929907
1300416.000000 0.932715
1310400.000000 0.942792
1320384.000000 0.940092
1330368.000000 0.947368
1340352.000000 0.947368
1350336.000000 0.951945
1360320.000000 0.949541
1370304.000000 0.944954
1380288.000000 0.947126
1390272.000000 0.954338
1400412.000000 0.947126
1410396.000000 0.944700
1420380.000000 0.956720
1430364.000000 0.944954
1440348.000000 0.947368
1450332.000000 0.949541
1460316.000000 0.942263
1470300.000000 0.947126
1480284.000000 0.942529
1490424.000000 0.949541
1500408.000000 0.947126
1510392.000000 0.954545
1520376.000000 0.942529
1530360.000000 0.956720
1540344.000000 0.947368
1550328.000000 0.951945
1560312.000000 0.961451
1570296.000000 0.945205
1580280.000000 0.944954
1590420.000000 0.939815
1600404.000000 0.947126
1610388.000000 0.947126
1620372.000000 0.951945
1630356.000000 0.956720
1640340.000000 0.956916
1650324.000000 0.951945
1660308.000000 0.949541
1670292.000000 0.942529
1680276.000000 0.951945
1690416.000000 0.944700
1700400.000000 0.940092
1710384.000000 0.947608
1720368.000000 0.949541
1730352.000000 0.949541
1740336.000000 0.944700
1750320.000000 0.945205
1760304.000000 0.954338
1770288.000000 0.947608
1780272.000000 0.949772
1790412.000000 0.951945
1800396.000000 0.937644
1810380.000000 0.954338
1820364.000000 0.956720
1830348.000000 0.961451
1840332.000000 0.961451
1850316.000000 0.952164
1860300.000000 0.954545
1870284.000000 0.951945
1880424.000000 0.951945
1890408.000000 0.947368
1900392.000000 0.949541
1910376.000000 0.940092
1920360.000000 0.939815
1930344.000000 0.664975
1940328.000000 0.945205
1950312.000000 0.911565
1960296.000000 0.944700
1970280.000000 0.950000
1980420.000000 0.954338
1990404.000000 0.942263
2000076.000000 0.944954
