# episode=5566 || target_num_steps=3000000 || actual_num_steps=3000074 || total_train_time=37945.047689163825
10780.000000 0.000000
21021.000000 0.024670
30723.000000 0.044702
40964.000000 0.086262
50666.000000 0.050833
60907.000000 0.121811
70609.000000 0.191153
80850.000000 0.203762
90552.000000 0.218921
100793.000000 0.248834
111034.000000 0.239080
120736.000000 0.130781
130977.000000 0.292354
140679.000000 0.285064
150920.000000 0.352513
160622.000000 0.285933
170863.000000 0.354767
180565.000000 0.354151
190806.000000 0.375994
201047.000000 0.356835
210749.000000 0.416783
220990.000000 0.455034
230692.000000 0.448133
240933.000000 0.477673
250635.000000 0.451211
260876.000000 0.516883
270578.000000 0.501337
280819.000000 0.503569
291060.000000 0.520725
300762.000000 0.542505
311003.000000 0.517834
320705.000000 0.543702
330946.000000 0.549745
340648.000000 0.564557
350889.000000 0.497041
360591.000000 0.518912
370832.000000 0.531351
381073.000000 0.548616
390775.000000 0.550032
401016.000000 0.532644
410718.000000 0.578815
420959.000000 0.566939
430661.000000 0.593924
440902.000000 0.582231
450604.000000 0.611867
460845.000000 0.600124
470547.000000 0.595852
480788.000000 0.563776
491029.000000 0.617557
500731.000000 0.629379
510972.000000 0.599630
520674.000000 0.626536
530915.000000 0.609346
540617.000000 0.610024
550858.000000 0.638118
560560.000000 0.621557
570801.000000 0.627570
581042.000000 0.647803
590744.000000 0.660746
600985.000000 0.620024
610687.000000 0.670938
620928.000000 0.648810
630630.000000 0.671006
640871.000000 0.638725
650573.000000 0.627808
660814.000000 0.664706
671055.000000 0.668639
680757.000000 0.680653
690998.000000 0.657663
700700.000000 0.652019
710941.000000 0.688657
720643.000000 0.677193
730884.000000 0.694652
740586.000000 0.675958
750827.000000 0.702579
761068.000000 0.689416
770770.000000 0.693013
781011.000000 0.699309
790713.000000 0.700000
800954.000000 0.717257
810656.000000 0.703725
820897.000000 0.698740
830599.000000 0.702641
840840.000000 0.721847
850542.000000 0.701373
860783.000000 0.697780
871024.000000 0.685153
880726.000000 0.709060
890967.000000 0.733072
900669.000000 0.727069
910910.000000 0.722689
920612.000000 0.726968
930853.000000 0.715586
940555.000000 0.709387
950796.000000 0.677570
961037.000000 0.711506
970739.000000 0.724802
980980.000000 0.732961
990682.000000 0.734807
1000923.000000 0.734785
1010625.000000 0.721729
1020866.000000 0.702115
1030568.000000 0.741774
1040809.000000 0.727679
1051050.000000 0.733483
1060752.000000 0.723500
1070993.000000 0.738598
1080695.000000 0.745314
1090936.000000 0.736374
1100638.000000 0.717949
1110879.000000 0.747932
1120581.000000 0.755991
1130822.000000 0.746961
1141063.000000 0.731171
1150765.000000 0.742857
1161006.000000 0.749182
1170708.000000 0.742541
1180949.000000 0.746301
1190651.000000 0.741436
1200892.000000 0.747932
1210594.000000 0.746549
1220835.000000 0.741023
1231076.000000 0.753703
1240778.000000 0.754635
1251019.000000 0.755191
1260721.000000 0.757229
1270962.000000 0.767404
1280664.000000 0.758320
1290905.000000 0.776948
1300607.000000 0.769648
1310848.000000 0.771382
1320550.000000 0.759957
1330791.000000 0.768404
1341032.000000 0.758696
1350734.000000 0.766416
1360975.000000 0.781166
1370677.000000 0.766917
1380918.000000 0.763441
1390620.000000 0.760976
1400861.000000 0.780462
1410563.000000 0.773810
1420804.000000 0.773504
1431045.000000 0.770220
1440747.000000 0.747158
1450988.000000 0.771704
1460690.000000 0.776521
1470931.000000 0.779082
1480633.000000 0.744598
1490874.000000 0.786170
1500576.000000 0.788267
1510817.000000 0.781084
1521058.000000 0.757428
1530760.000000 0.778488
1541001.000000 0.785256
1550703.000000 0.787526
1560944.000000 0.786589
1570646.000000 0.786469
1580887.000000 0.790306
1590589.000000 0.785146
1600830.000000 0.800631
1611071.000000 0.791359
1620773.000000 0.793249
1631014.000000 0.778959
1640716.000000 0.773190
1650957.000000 0.794319
1660659.000000 0.781683
1670900.000000 0.794723
1680602.000000 0.804188
1690843.000000 0.795395
1700545.000000 0.808577
1710786.000000 0.788584
1721027.000000 0.791163
1730729.000000 0.790084
1740970.000000 0.788006
1750672.000000 0.792593
1760913.000000 0.784085
1770615.000000 0.779661
1780856.000000 0.785865
1790558.000000 0.803347
1800799.000000 0.793103
1811040.000000 0.796442
1820742.000000 0.803133
1830983.000000 0.797700
1840685.000000 0.792255
1850926.000000 0.797071
1860628.000000 0.799373
1870869.000000 0.805249
1880571.000000 0.778892
1890812.000000 0.802721
1901053.000000 0.801877
1910755.000000 0.795778
1920996.000000 0.805425
1930698.000000 0.794953
1940939.000000 0.808355
1950641.000000 0.808732
1960882.000000 0.800210
1970584.000000 0.809822
1980825.000000 0.806907
1991066.000000 0.805425
2000229.000000 0.765867
2011009.000000 0.805815
2021250.000000 0.797712
2030952.000000 0.801882
2041193.000000 0.798132
2050895.000000 0.805815
2061136.000000 0.805383
2070838.000000 0.797501
2081079.000000 0.804586
2090781.000000 0.807072
2101022.000000 0.810140
2111263.000000 0.807692
2120965.000000 0.805815
2131206.000000 0.805005
2140908.000000 0.804789
2151149.000000 0.787023
2160851.000000 0.789556
2171092.000000 0.813244
2180794.000000 0.797900
2191035.000000 0.798958
2201276.000000 0.805830
2210978.000000 0.804598
2221219.000000 0.802508
2230921.000000 0.807892
2241162.000000 0.801459
2250864.000000 0.806266
2261105.000000 0.812304
2270807.000000 0.807473
2281048.000000 0.783856
2291289.000000 0.801877
2300991.000000 0.810336
2311232.000000 0.812597
2320934.000000 0.804764
2331175.000000 0.809943
2340877.000000 0.807473
2351118.000000 0.809696
2360820.000000 0.801877
2371061.000000 0.804382
2381302.000000 0.807072
2391004.000000 0.807292
2401245.000000 0.804992
2410947.000000 0.806636
2421188.000000 0.806001
2430890.000000 0.808709
2441131.000000 0.810727
2450833.000000 0.808930
2461074.000000 0.808312
2470776.000000 0.803101
2481017.000000 0.810922
2491258.000000 0.807273
2500960.000000 0.801653
2511201.000000 0.807851
2520903.000000 0.805584
2531144.000000 0.812724
2540846.000000 0.805800
2551087.000000 0.810114
2560789.000000 0.802686
2571030.000000 0.810950
2581271.000000 0.812339
2590973.000000 0.815083
2601214.000000 0.813751
2610916.000000 0.812856
2621157.000000 0.814433
2630859.000000 0.801467
2641100.000000 0.807072
2650802.000000 0.807434
2661043.000000 0.805955
2671284.000000 0.801657
2680986.000000 0.815614
2691227.000000 0.800828
2700929.000000 0.808050
2711170.000000 0.821172
2720872.000000 0.806801
2731113.000000 0.803942
2740815.000000 0.821410
2751056.000000 0.819067
2761297.000000 0.805411
2770999.000000 0.805155
2781240.000000 0.818881
2790942.000000 0.818509
2801183.000000 0.823168
2810885.000000 0.812983
2821126.000000 0.814967
2830828.000000 0.814777
2841069.000000 0.825754
2850771.000000 0.813594
2861012.000000 0.825998
2871253.000000 0.814967
2880955.000000 0.810672
2891196.000000 0.820591
2900898.000000 0.819959
2911139.000000 0.795844
2920841.000000 0.817204
2931082.000000 0.818552
2940784.000000 0.814777
2951025.000000 0.809082
2961266.000000 0.821429
2970968.000000 0.816786
2981209.000000 0.821117
2990911.000000 0.812339
3000074.000000 0.809746
